$ 0 0.000005 10.20027730826997 54 5 50 5e-11
f 128 176 192 176 1 1.5 0.02
f 128 256 192 256 0 1.5 0.02
R 192 160 192 96 0 0 40 5 0 0 0.5
g 192 272 192 320 0 0
f 240 176 304 176 1 1.5 0.02
R 304 160 304 96 0 0 40 5 0 0 0.5
f 240 256 304 256 0 1.5 0.02
w 208 192 208 208 0
w 304 208 304 192 0
w 192 240 224 240 0
w 224 240 224 288 0
w 224 288 304 288 0
w 304 288 304 272 0
w 192 192 208 192 0
w 208 208 304 208 0
L 128 128 96 128 0 0 false 5 0
L 240 128 208 128 0 0 false 5 0
w 128 144 128 176 0
w 128 176 128 256 0
w 240 128 240 176 0
w 240 176 240 256 0
w 304 192 320 192 0
w 304 240 320 240 0
w 320 192 336 208 0
w 320 240 336 224 0
w 336 208 336 224 0
w 128 128 128 144 0
f 336 176 400 176 1 1.5 0.02
f 336 256 400 256 0 1.5 0.02
w 336 208 336 176 0
w 336 224 336 256 0
R 400 160 400 96 0 0 40 5 0 0 0.5
g 400 272 400 320 0 0
w 400 192 416 192 0
w 400 240 416 240 0
w 416 192 432 208 0
w 416 240 432 224 0
w 432 208 432 224 0
M 432 208 464 208 0 2.5
x 128 65 301 68 4 24 AND\s2\sEntradas
