$ 1 0.000005 10.20027730826997 50 5 50 5e-11
150 176 112 272 112 0 3 5 5
150 176 192 272 192 0 3 0 5
150 176 272 272 272 0 3 0 5
150 176 352 272 352 0 3 0 5
150 176 432 272 432 0 3 0 5
150 176 512 272 512 0 3 0 5
150 176 592 272 592 0 3 0 5
150 176 672 272 672 0 3 0 5
L 64 -32 64 -80 0 0 false 5 0
L -16 -32 -16 -80 0 0 false 5 0
L -96 -32 -96 -80 0 0 false 5 0
w 64 -32 96 -32 0
w 96 -32 96 -16 0
I 96 -16 96 48 0 0.5 5
w -16 -32 16 -32 0
w 16 -32 16 -16 0
I 16 -16 16 48 0 0.5 5
w -96 -32 -64 -32 0
w -64 -32 -64 -16 0
I -64 -16 -64 48 0 0.5 5
w 176 96 -64 96 0
w -64 96 -64 48 0
w 16 48 16 112 0
w 16 112 176 112 0
w 96 48 96 128 0
w 96 128 176 128 0
w 64 -32 64 208 0
w 64 208 176 208 0
w 176 192 16 192 0
w 16 192 16 112 0
w 176 176 -64 176 0
w -64 176 -64 96 0
w 96 128 96 288 0
w 96 288 176 288 0
w 176 272 -16 272 0
w -16 -32 -16 272 0
w -64 176 -64 256 0
w -64 256 176 256 0
w 64 208 64 368 0
w 64 368 176 368 0
w -16 272 -16 352 0
w -16 352 176 352 0
w -64 256 -64 336 0
w -64 336 176 336 0
w -96 -32 -96 416 0
w -96 416 176 416 0
w -96 416 -96 496 0
w -96 496 176 496 0
w -96 496 -96 576 0
w -96 576 176 576 0
w -96 576 -96 656 0
w -96 656 176 656 0
w 176 432 16 432 0
w 16 432 16 192 0
w 96 288 96 448 0
w 96 448 176 448 0
w 16 432 16 512 0
w 16 512 176 512 0
w 64 368 64 528 0
w 64 528 176 528 0
w -16 352 -16 592 0
w -16 592 176 592 0
w 96 448 96 608 0
w 96 608 176 608 0
w -16 592 -16 672 0
w -16 672 176 672 0
w 64 528 64 688 0
w 64 688 176 688 0
x -106 -100 -90 -97 4 24 A
x -26 -101 -10 -98 4 24 B
x 53 -103 70 -100 4 24 C
x 81 -75 126 -72 4 24 LSB
x -165 -76 -113 -73 4 24 MSB
M 272 112 304 112 0 2.5
M 272 192 304 192 0 2.5
M 272 272 304 272 0 2.5
M 272 352 304 352 0 2.5
M 272 432 304 432 0 2.5
M 272 512 304 512 0 2.5
M 272 592 304 592 0 2.5
M 272 672 304 672 0 2.5
x 5 -147 191 -144 4 24 Decodificador\s3:8
