$ 1 0.000005 10.20027730826997 50 5 50 5e-11
154 176 144 288 144 0 2 0 3
154 176 240 288 240 0 2 0 3
154 304 192 416 192 0 2 0 3
w 288 144 304 144 0
w 304 144 304 176 0
w 288 240 304 240 0
w 304 240 304 208 0
L 176 224 144 224 0 0 false 3 0
L 176 160 144 160 0 0 false 3 0
L 176 128 144 128 0 0 false 3 0
L 176 256 144 256 0 0 false 3 0
w 416 192 432 192 0
w 432 192 448 192 0
M 448 192 480 192 0 2.5
x 99 262 124 265 4 20 D0
x 100 227 125 230 4 20 D1
x 99 164 124 167 4 20 D2
x 100 129 125 132 4 20 D3
x 503 196 583 199 4 20 Paridade
x 201 82 469 85 4 24 Gerador\sde\sParidade\sPar
