$ 0 0.000005 10.20027730826997 54 5 50 5e-11
f 128 176 192 176 1 1.5 0.02
f 128 256 192 256 0 1.5 0.02
R 192 160 192 96 0 0 40 5 0 0 0.5
g 192 272 192 320 0 0
f 240 176 304 176 1 1.5 0.02
R 304 160 304 96 0 0 40 5 0 0 0.5
f 240 256 304 256 0 1.5 0.02
w 208 192 208 208 0
w 304 208 304 192 0
w 192 240 224 240 0
w 224 240 224 288 0
w 224 288 304 288 0
w 304 288 304 272 0
w 192 192 208 192 0
w 208 208 304 208 0
L 128 128 128 96 0 1 false 5 0
L 240 128 240 96 0 1 false 5 0
w 128 144 128 176 0
w 128 176 128 256 0
w 240 128 240 176 0
w 240 176 240 256 0
w 304 192 320 192 0
w 304 240 320 240 0
w 320 192 336 208 0
w 320 240 336 224 0
w 336 208 336 224 0
M 336 208 384 208 0 2.5
w 128 128 128 144 0
x 85 66 275 69 4 24 NAND\s2\sEntradas
