$ 0 0.000005 10.20027730826997 50 5 50 5e-11
f 288 128 352 128 5 1.5 0.02
f 512 224 576 224 4 1.5 0.02
w 352 144 352 176 0
w 576 176 576 208 0
M 640 176 704 176 0 2.5
f 512 288 576 288 4 1.5 0.02
w 576 240 576 272 0
g 576 432 576 464 0 0
f 192 128 256 128 5 1.5 0.02
w 256 80 256 112 0
w 256 80 352 80 0
w 352 80 352 112 0
R 256 80 192 80 0 0 40 3 0 0 0.5
w 192 288 288 288 0
L 288 224 128 224 0 1 false 3 0
L 192 288 128 288 0 1 false 3 0
w 256 144 256 176 0
w 256 176 352 176 0
f 400 128 464 128 5 1.5 0.02
w 576 144 576 176 0
w 352 176 464 176 0
w 352 80 464 80 0
w 464 80 464 112 0
w 288 224 400 224 0
w 288 288 400 288 0
L 192 352 128 352 0 1 false 3 0
f 512 352 576 352 4 1.5 0.02
w 576 336 576 304 0
x 332 57 522 60 4 24 NAND\s4\sEntradas
f 512 416 576 416 4 1.5 0.02
w 400 416 192 416 0
L 192 416 128 416 0 1 false 3 0
w 576 400 576 368 0
f 512 128 576 128 5 1.5 0.02
w 464 80 576 80 0
w 576 80 576 112 0
w 400 224 512 224 0
w 400 288 512 288 0
w 400 352 512 352 0
w 400 416 512 416 0
w 512 128 512 224 0
w 192 128 192 416 0
w 288 128 288 352 0
w 192 352 288 352 0
w 288 352 400 352 0
w 400 128 400 288 0
w 464 144 464 176 0
w 464 176 576 176 0
w 576 176 640 176 0
