$ 0 0.000005 10.20027730826997 50 5 50 5e-11
f 288 128 352 128 5 1.5 0.02
f 400 224 464 224 4 1.5 0.02
w 352 144 352 176 0
w 464 176 464 208 0
M 464 176 528 176 0 2.5
f 400 288 464 288 4 1.5 0.02
w 464 240 464 272 0
g 464 368 464 400 0 0
f 192 128 256 128 5 1.5 0.02
w 256 80 256 112 0
w 256 80 352 80 0
w 352 80 352 112 0
R 256 80 192 80 0 0 40 3 0 0 0.5
w 192 288 288 288 0
L 288 224 128 224 0 1 false 3 0
L 192 288 128 288 0 1 false 3 0
w 256 144 256 176 0
w 256 176 352 176 0
f 400 128 464 128 5 1.5 0.02
w 464 144 464 176 0
w 352 176 464 176 0
w 352 80 464 80 0
w 464 80 464 112 0
w 288 224 400 224 0
w 288 288 400 288 0
L 192 352 128 352 0 1 false 3 0
w 192 352 400 352 0
f 400 352 464 352 4 1.5 0.02
w 464 336 464 304 0
w 400 128 400 224 0
w 288 128 288 288 0
w 192 128 192 352 0
x 214 57 404 60 4 24 NAND\s3\sEntradas
