$ 0 0.000005 10.20027730826997 50 5 50 5e-11
f 384 144 448 144 5 1.5 0.02
w 448 96 448 128 0
R 448 64 448 16 0 0 40 3 0 0 0.5
f 384 208 448 208 5 1.5 0.02
w 448 224 448 240 0
w 336 240 336 256 0
f 272 272 336 272 4 1.5 0.02
M 496 240 560 240 0 2.5
f 176 272 240 272 4 1.5 0.02
w 240 240 240 256 0
w 240 240 336 240 0
g 240 288 240 320 0 0
g 336 288 336 320 0 0
w 176 144 272 144 0
L 176 144 128 144 0 0 false 3 0
L 272 208 128 208 0 0 false 3 0
f 384 272 448 272 4 1.5 0.02
g 448 288 448 320 0 0
f 384 80 448 80 5 1.5 0.02
w 448 160 448 192 0
w 336 240 448 240 0
w 448 240 496 240 0
w 448 256 448 240 0
L 176 80 128 80 0 0 false 3 0
w 176 80 384 80 0
w 272 144 384 144 0
w 272 208 384 208 0
w 384 208 384 272 0
w 272 144 272 272 0
w 176 80 176 272 0
x 206 19 382 22 4 24 NOR\s3\sEntradas
