$ 0 0.000005 10.20027730826997 50 5 50 5e-11
f 496 144 560 144 5 1.5 0.02
w 560 96 560 128 0
R 560 0 560 -48 0 0 40 3 0 0 0.5
f 496 208 560 208 5 1.5 0.02
w 560 224 560 240 0
w 336 240 336 256 0
f 272 272 336 272 4 1.5 0.02
f 176 272 240 272 4 1.5 0.02
w 240 240 240 256 0
w 240 240 336 240 0
g 240 288 240 320 0 0
g 336 288 336 320 0 0
w 176 144 272 144 0
L 176 144 128 144 0 0 false 3 0
L 272 208 128 208 0 0 false 3 0
f 384 272 448 272 4 1.5 0.02
g 448 288 448 320 0 0
f 496 80 560 80 5 1.5 0.02
w 560 160 560 192 0
w 336 240 448 240 0
w 512 240 560 240 0
w 448 256 448 240 0
L 176 80 128 80 0 0 false 3 0
w 272 144 384 144 0
w 272 208 384 208 0
x 270 -31 446 -28 4 24 NOR\s4\sEntradas
f 496 16 560 16 5 1.5 0.02
w 560 64 560 32 0
w 384 16 176 16 0
L 176 16 128 16 0 0 false 3 0
f 496 272 560 272 4 1.5 0.02
w 560 240 560 256 0
w 448 240 512 240 0
w 384 208 496 208 0
w 384 144 496 144 0
w 384 80 496 80 0
w 384 16 496 16 0
w 496 208 496 272 0
w 384 272 384 144 0
w 272 272 272 80 0
w 176 272 176 16 0
w 176 80 272 80 0
w 272 80 384 80 0
g 560 288 560 320 0 0
M 608 240 656 240 0 2.5
w 560 240 608 240 0
