$ 0 0.000005 10.20027730826997 50 5 50 5e-11
f 208 176 272 176 1 1.5 0.02
f 208 272 272 272 0 1.5 0.02
L 128 176 80 176 0 0 false 5 0
R 272 160 272 96 0 0 40 5 0 0 0.5
g 272 288 272 336 0 0
f 352 176 416 176 1 1.5 0.02
f 352 272 416 272 0 1.5 0.02
g 416 288 416 336 0 0
w 272 192 288 192 0
w 336 144 416 144 0
w 416 144 416 160 0
w 272 256 272 240 0
w 320 240 416 240 0
w 416 240 416 256 0
w 288 192 288 144 0
w 288 144 304 144 0
L 208 256 160 256 0 0 false 5 0
w 336 144 304 144 0
w 320 240 272 240 0
w 416 240 432 240 0
w 416 192 432 192 0
w 208 256 208 272 0
w 208 256 208 224 0
w 208 224 352 224 0
w 352 224 352 176 0
w 128 176 208 176 0
w 128 368 352 368 0
w 128 368 128 176 0
w 352 368 352 272 0
w 432 240 448 224 0
w 432 192 448 208 0
w 448 224 448 208 0
f 448 176 512 176 1 1.5 0.02
f 448 272 512 272 0 1.5 0.02
w 448 208 448 176 0
w 448 224 448 272 0
R 512 160 512 96 0 0 40 5 0 0 0.5
g 512 288 512 336 0 0
w 512 192 528 192 0
w 512 256 528 256 0
w 528 256 544 240 0
w 528 192 544 208 0
w 544 240 544 208 0
M 544 208 576 208 0 2.5
x 158 70 316 73 4 24 OR\s2\sEntradas
