$ 1 0.000005 10.20027730826997 50 5 50 5e-11
153 128 192 224 192 0 2 3 3
153 240 112 336 112 0 2 0 3
153 240 272 336 272 0 2 0 3
153 352 192 448 192 0 2 3 3
153 512 192 608 192 0 2 0 3
153 624 112 720 112 0 2 0 3
153 624 272 720 272 0 2 3 3
153 736 192 832 192 0 2 0 3
153 720 352 816 352 0 2 0 3
w 224 192 240 192 0
w 240 192 240 128 0
w 240 192 240 256 0
w 336 272 352 272 0
w 336 112 352 112 0
w 352 112 352 176 0
w 352 208 352 272 0
w 448 192 448 176 0
w 448 176 512 176 0
w 608 192 624 192 0
w 624 192 624 128 0
w 624 192 624 256 0
w 720 112 736 112 0
w 736 112 736 176 0
w 720 272 736 272 0
w 736 272 736 208 0
L 496 288 464 288 0 0 false 3 0
w 496 288 624 288 0
w 496 288 496 208 0
w 496 208 512 208 0
w 512 176 512 96 0
w 512 96 624 96 0
w 624 256 608 256 0
w 608 256 608 336 0
w 608 336 720 336 0
w 240 256 224 256 0
w 224 256 224 368 0
w 224 368 720 368 0
L 128 176 96 176 0 0 false 3 0
L 128 208 96 208 0 0 false 3 0
w 128 176 128 96 0
w 128 96 240 96 0
w 128 208 128 288 0
w 128 288 240 288 0
M 832 192 864 192 0 2.5
M 816 352 848 352 0 2.5
x 60 178 76 181 4 24 A
x 58 217 74 220 4 24 B
x 866 358 916 361 4 24 Cout
x 412 291 448 294 4 24 Cin
x 882 196 940 199 4 24 soma
x 271 53 754 56 4 30 Somador\sCompleto\susando\s74HC02
