$ 1 0.000005 10.20027730826997 50 5 50 5e-11
L 224 112 192 112 0 0 false 3 0
L 224 144 192 144 0 0 false 3 0
L 528 304 496 304 0 0 false 3 0
151 224 128 320 128 0 2 3 3
151 336 64 432 64 0 2 3 3
151 336 192 432 192 0 2 3 3
w 320 128 320 80 0
w 320 80 336 80 0
w 320 128 320 176 0
w 320 176 336 176 0
x 160 118 176 121 4 24 A
x 158 152 174 155 4 24 B
w 224 144 224 208 0
w 224 208 336 208 0
w 224 112 224 48 0
w 224 48 336 48 0
151 448 128 544 128 0 2 0 3
w 432 64 448 64 0
w 448 64 448 112 0
w 432 192 448 192 0
w 448 192 448 144 0
151 672 128 768 128 0 2 3 3
151 560 208 656 208 0 2 3 3
151 672 288 768 288 0 2 3 3
151 784 208 880 208 0 2 0 3
151 672 400 768 400 0 2 0 3
w 544 128 560 128 0
w 560 128 560 192 0
w 560 128 560 112 0
w 560 112 672 112 0
w 656 208 672 208 0
w 672 208 672 144 0
w 672 208 672 272 0
w 768 128 784 128 0
w 784 128 784 192 0
w 768 288 784 288 0
w 784 288 784 224 0
w 672 272 656 272 0
w 656 272 656 384 0
w 656 384 672 384 0
w 320 176 304 176 0
w 672 416 304 416 0
w 304 416 304 176 0
w 528 304 672 304 0
w 528 304 528 224 0
w 528 224 560 224 0
M 880 208 912 208 0 2.5
M 768 400 800 400 0 2.5
x 436 307 472 310 4 24 Cin
x 821 403 871 406 4 24 Cout
x 938 211 996 214 4 24 soma
x 359 8 842 11 4 30 Somador\sCompleto\susando\s74HC00
