$ 1 0.000005 10.20027730826997 50 5 50 5e-11
153 144 208 240 208 0 2 3 3
153 272 144 368 144 0 2 0 3
153 272 256 368 256 0 2 0 3
153 400 192 496 192 0 2 3 3
L 144 192 112 192 0 0 false 3 0
L 144 224 112 224 0 0 false 3 0
w 144 192 144 128 0
w 144 128 272 128 0
w 144 224 144 272 0
w 144 272 272 272 0
w 240 208 272 208 0
w 272 208 272 160 0
w 272 208 272 240 0
w 368 144 400 144 0
w 368 256 400 256 0
w 400 144 400 176 0
w 400 256 400 208 0
M 496 192 544 192 0 2.5
x 242 89 456 92 4 24 XNOR\susando\sNOR
