$ 1 0.000005 10.20027730826997 50 5 50 5e-11
151 160 208 272 208 0 2 0 3
151 320 160 448 160 0 2 3 3
151 320 256 448 256 0 2 3 3
151 496 208 608 208 0 2 0 3
w 272 208 288 208 0
w 288 208 288 176 0
w 288 176 320 176 0
w 288 208 288 240 0
w 288 240 320 240 0
w 448 160 480 160 0
w 480 160 480 192 0
w 480 192 496 192 0
w 448 256 480 256 0
w 480 256 480 224 0
w 480 224 496 224 0
M 608 208 640 208 0 2.5
L 160 192 112 192 0 1 false 3 0
L 160 224 112 224 0 1 false 3 0
w 160 192 160 144 0
w 160 144 320 144 0
w 160 224 160 272 0
w 160 272 320 272 0
x 261 108 473 111 4 24 XOR\susando\sNAND
